$ANSIBLE_VAULT;1.1;AES256
66363461346638333663626335343931666161313031613336383236336233656132393263363737
3634323132663531383139353065356161306563373839370a393862616131346464333837336133
30383530353035386337663437353265393866343338383463303333356335653834333061353561
3130623433373733650a356636643033666563356535393032663635633734633731643035323963
34333438366335316562636633653465326561376461633765303036366564323734653437346361
30323534353637646634373563306464363564336336383561343937366639666233666363346530
64396337346435643065376538396536613862363761316662666433663066336163376131303261
38643534306434663234363033646538353934633934636631333133316132316263393536633966
65356161366437613138326436663631363432353033386139323336346263663930393064346364
35366434623430343739363961616561626431303063306134663032623964393461613032613234
33336665333832333637623062653937363834663166626461663462613362376231656434393637
62623334396662653232326437396137383335623433343836336661336630636662353735383532
62313230626663386638663939396363636537323163303136393964376464653166636162633062
62653534653135313036386638303666383736633364356432393139353033343463343265333134
63323334633736633931653232316535313466376662643332353134636533663762656163313935
32613239613763623332386335393063393532613065366363343662333762373130353839616162
31313433356265666536336462303239366163323166363861373633666532383463326234623863
65656563633439643535353763363933376439326666353336646136363564626237623162313563
31636333633334626333626534626262363430666366623033613764623963343739626432643939
61393261343832386163663966336230366238326235356436303637326232656361343030656639
35313766363964626530353339316536623138653638633531346263646466393730343031363363
33373135366335343633306363613761346562623934313661346632626632386530633438376235
65376664646165306234383236353330633536626365353963663065316635363138323639623861
65616235313333326332343061626362333466316662373962383235376665656131363031333731
6263
